1 1 0 0 0 0 0 1
2 0.89464 0.446787 0 0 0 0.229521 0.973304
3 0.524215 0.851586 0 0 0 0.274352 0.961629
4 0.0925796 0.995705 0 0 0 0.22753 0.973771
5 -0.3913 0.920263 0 0 0 0.244863 0.969558
6 -0.834067 0.551664 0 0 0 0.288057 0.957613
7 -0.999962 0.00875454 0 0 0 0.283845 0.95887
8 -0.879 -0.476822 0 0 0 0.250208 0.968192
9 -0.484051 -0.87504 0 0 0 0.280429 0.959875
10 -0.00740691 -0.999973 0 0 0 0.246372 0.969175
11 0.441185 -0.897416 0 0 0 0.230083 0.973171
12 0.796217 -0.605011 0 0 0 0.229972 0.973197
