1 1 0 0 0 0 0 1
2 0.895413 0.457666 0 0 0 0.229521 0.973304
3 0.525761 0.873343 0 0 0 0.274352 0.961629
4 0.0948988 1.02834 0 0 0 0.22753 0.973771
5 -0.388208 0.963777 0 0 0 0.244863 0.969558
6 -0.830202 0.606057 0 0 0 0.288057 0.957613
7 -0.995324 0.0740258 0 0 0 0.283845 0.95887
8 -0.873588 -0.400672 0 0 0 0.250208 0.968192
9 -0.477866 -0.788012 0 0 0 0.280429 0.959875
10 -0.000449218 -0.902066 0 0 0 0.246372 0.969175
11 0.448916 -0.788631 0 0 0 0.230083 0.973171
12 0.804721 -0.485347 0 0 0 0.229972 0.973197
13 0.999227 -0.0108785 0 0 0 0.251221 0.96793
